VEHICLE_CLASS	DESCRIPTOR	VALUE	FIT-ACTIVE	FIT-INACTIVE	UNFIT	WRECKED	OUT-OF-PROV	SOLD	SUSPENDED	TEMPORARY	TOTAL
PASSENGER	CYLINDERS	00	71086	7117	1183	55	1897	256	0	36	81630
PASSENGER	CYLINDERS	02	1344	2239	627	506	443	151	0	159	5469
PASSENGER	CYLINDERS	03	52111	35711	4119	16719	10225	1426	1	337	120649
PASSENGER	CYLINDERS	04	4737227	4562834	809726	2520714	812739	205424	181	80482	13729327
PASSENGER	CYLINDERS	05	48825	60851	10650	27252	16789	2821	5	1746	168939
PASSENGER	CYLINDERS	06	2104183	4053307	539000	2180091	662251	194169	252	74370	9807623
PASSENGER	CYLINDERS	08	317904	2216657	328337	973554	236767	84049	161	18296	4175725
PASSENGER	CYLINDERS	10	11321	19153	2105	4832	3939	557	1	265	42173
PASSENGER	CYLINDERS	12	3578	5416	1189	362	1177	136	2	189	12049
PASSENGER	CYLINDERS	OTHER	100	593	243	72	70	29	7	7	1121
PASSENGER	MOTIVE POWER	B	2	58	6	25	8	2	0	0	101
PASSENGER	MOTIVE POWER	D	107444	107145	17566	64009	19682	4088	23	2893	322850
PASSENGER	MOTIVE POWER	E	45	212	28	14	11	12	0	0	322
PASSENGER	MOTIVE POWER	F	535382	221823	34938	28446	46424	11034	9	3218	881274
PASSENGER	MOTIVE POWER	G	6472909	10590769	1633514	5626110	1669646	471947	574	169320	26634789
PASSENGER	MOTIVE POWER	K	1	50	6	45	3	15	0	0	120
PASSENGER	MOTIVE POWER	L	148221	28715	8675	3413	6667	1409	4	379	197483
PASSENGER	MOTIVE POWER	N	10	121	8	46	4	3	0	2	194
PASSENGER	MOTIVE POWER	P	35	4598	313	1888	245	114	0	14	7207
PASSENGER	MOTIVE POWER	V	83609	10253	2094	97	3594	391	0	58	100096
PASSENGER	MOTIVE POWER	OTHER	21	134	31	64	13	3	0	3	269
PASSENGER	BODY TYPE	CV	126269	99275	20626	13004	33557	2930	29	2573	298263
PASSENGER	BODY TYPE	DB	110	356	161	6	16	8	2	6	665
PASSENGER	BODY TYPE	MH	25197	40740	4660	2451	8708	1184	39	2843	85822
PASSENGER	BODY TYPE	SW	79020	22259	7365	12536	9418	995	1	617	132211
PASSENGER	BODY TYPE	SX	351	810	176	155	141	24	0	38	1695
PASSENGER	BODY TYPE	TY	3277156	1475538	273127	295774	313861	79080	180	30656	5745372
PASSENGER	BODY TYPE	VN	464180	1093074	117349	616097	210461	53232	33	20286	2574712
PASSENGER	BODY TYPE	2B	64294	404366	49370	242532	82024	16850	12	7837	867285
PASSENGER	BODY TYPE	2D	268915	2018284	286117	1202322	254346	87961	87	19528	4137560
PASSENGER	BODY TYPE	2W	433	24674	3312	14958	2856	1431	0	45	47709
PASSENGER	BODY TYPE	4B	536979	399609	77878	219609	88729	18036	10	6265	1347115
PASSENGER	BODY TYPE	4D	2368355	4361858	670266	2712440	645650	203105	206	78778	11040658
PASSENGER	BODY TYPE	4W	136420	483007	53586	294482	70342	22699	11	6415	1066962
PASSENGER	BODY TYPE	OTHER	0	540028	133186	97791	26188	1483	0	0	798676
PASSENGER	YEAR	2023	87258	1195	150	0	102	12	0	7	88724
PASSENGER	YEAR	2022	427461	17274	2714	12	1993	306	0	62	449822
PASSENGER	YEAR	2021	411487	53339	6906	93	5825	1043	0	190	478883
PASSENGER	YEAR	2020	424837	73046	12223	219	14013	2052	0	271	526661
PASSENGER	YEAR	2019	525583	101975	18900	596	27189	3763	0	354	678360
PASSENGER	YEAR	2018	548877	112157	25710	1298	32156	5178	1	498	725875
PASSENGER	YEAR	2017	551554	122428	30040	2303	39878	5950	1	587	752741
PASSENGER	YEAR	2016	498323	113729	29074	3355	38471	5534	29	663	689178
PASSENGER	YEAR	2015	501268	117431	32061	5439	37455	6088	42	884	700668
PASSENGER	YEAR	2014	434932	107064	32440	8950	34612	5524	16	1124	624662
PASSENGER	YEAR	2013	428197	117051	38912	14502	35716	5798	21	1738	641935
PASSENGER	YEAR	2012	376900	111886	37332	20904	33393	5304	9	2169	587897
PASSENGER	YEAR	2011	326471	120728	37484	26013	31531	6110	9	2702	551048
PASSENGER	YEAR	2010	346899	144861	47577	38197	35790	7590	7	4145	625066
PASSENGER	YEAR	2009	257079	140630	45570	46694	33429	7523	11	4669	535605
PASSENGER	YEAR	2008	245703	198994	50882	67884	43057	10713	17	7017	624267
PASSENGER	YEAR	2007	210088	230730	56444	93917	42959	12201	24	8583	654946
PASSENGER	YEAR	2006	159529	230300	50608	107107	41512	12605	34	9209	610904
PASSENGER	YEAR	2005	121558	249872	50299	136045	39365	14203	44	9972	621358
PASSENGER	YEAR	2004	82692	235463	44655	130540	34039	12806	49	9659	549903
PASSENGER	YEAR	2003	70861	292368	51463	176585	44228	17198	37	12096	664836
PASSENGER	YEAR	2002	48171	304669	45910	195831	49872	18806	30	11985	675274
PASSENGER	YEAR	2001	31239	278910	41412	177574	55463	17606	36	10774	613014
PASSENGER	YEAR	2000	27562	300258	43113	203512	61970	19855	27	11363	667660
PASSENGER	YEAR	1999	19010	255891	33962	167321	54885	15519	13	9075	555676
PASSENGER	YEAR	1998	13358	265993	33964	175041	69450	13085	15	8964	579870
PASSENGER	YEAR	1997	10716	239093	31029	161429	44108	10869	25	7549	504818
PASSENGER	YEAR	1996	6380	194918	24036	129666	29400	8535	8	5543	398486
PASSENGER	YEAR	1995	7243	233399	28819	160428	33994	9969	8	5786	479646
PASSENGER	YEAR	1994	5354	211069	25310	149279	32586	9117	7	4453	437175
PASSENGER	YEAR	1993	4712	222277	25343	154292	34867	9597	1	3978	455067
PASSENGER	YEAR	1992	4779	241944	26799	163099	38338	10474	4	3706	489143
PASSENGER	YEAR	1991	5208	239089	24811	153549	36559	10013	19	2657	471905
PASSENGER	YEAR	1990	5842	256818	25503	161715	39203	10636	19	2268	502004
PASSENGER	YEAR	1989	5174	284345	25711	176518	41515	11751	5	1837	546856
PASSENGER	YEAR	1988	5514	307873	25851	182765	45714	12563	2	1693	581975
PASSENGER	YEAR	1987	6146	289394	21914	169260	41406	11268	1	868	540257
PASSENGER	YEAR	1986	5014	323509	22767	190145	44667	13464	0	717	600283
PASSENGER	YEAR	1985	4255	291698	19567	170984	40749	11745	0	562	539560
PASSENGER	YEAR	1984	3663	265984	17434	153362	38493	10499	0	558	489993
PASSENGER	YEAR	1983	2236	189581	11876	108413	26633	7320	3	272	346334
PASSENGER	YEAR	1982	1753	172588	11481	100443	23943	6425	5	209	316847
PASSENGER	YEAR	1981	3054	233178	16543	131039	30116	8301	1	335	422567
PASSENGER	YEAR	1980	3266	240246	19572	134868	30517	8440	1	285	437195
PASSENGER	YEAR	1979	4217	255968	22232	134613	28707	8488	1	407	454633
PASSENGER	YEAR	1978	3487	259441	24131	146136	26221	7852	3	314	467585
PASSENGER	YEAR	1977	2785	244475	24571	137310	21217	7416	4	284	438062
PASSENGER	YEAR	1976	2873	243692	27915	141692	18281	7663	2	297	442415
PASSENGER	YEAR	1975	2295	197846	25982	115731	13200	6754	3	221	362032
PASSENGER	YEAR	1974	2922	203332	36344	120555	11558	7452	5	184	382352
PASSENGER	YEAR	1973	3300	196867	42424	111467	8891	7659	2	234	370844
PASSENGER	YEAR	1972	3993	149476	35758	76456	5952	5584	1	198	277418
PASSENGER	YEAR	1971	3314	106260	28254	51756	3726	4082	3	132	197527
PASSENGER	YEAR	1970	4524	88068	25402	40681	3066	3313	0	155	165209
PASSENGER	YEAR	1969	5959	82448	24962	34272	2823	2844	1	179	153488
PASSENGER	YEAR	1968	4838	60186	18592	24058	2235	2018	0	162	112089
PASSENGER	YEAR	1967	4685	38435	12620	13667	1721	1313	0	132	72573
PASSENGER	YEAR	1966	4092	28844	9334	10247	1382	902	1	147	54949
PASSENGER	YEAR	1965	3325	18556	6092	6325	987	601	1	96	35983
PASSENGER	YEAR	1964	2398	11823	4073	3532	643	360	0	78	22907
PASSENGER	YEAR	1963	1515	6751	2439	1839	465	217	0	70	13296
PASSENGER	YEAR	1962	1168	4789	1872	1031	388	121	1	39	9409
PASSENGER	YEAR	1961	819	2861	1167	476	216	74	0	34	5647
PASSENGER	YEAR	1960	806	2357	1174	311	250	63	0	31	4992
PASSENGER	YEAR	1959	824	1928	1129	155	205	56	0	30	4327
PASSENGER	YEAR	1958	693	1625	900	95	190	50	0	29	3582
PASSENGER	YEAR	1957	1415	2242	1377	91	395	66	1	33	5620
PASSENGER	YEAR	1956	1249	1895	1206	77	300	68	0	32	4827
PASSENGER	YEAR	1955	1389	1907	1172	53	292	62	0	26	4901
PASSENGER	YEAR	1954	584	952	605	41	136	31	0	24	2373
PASSENGER	YEAR	1953	721	1118	745	42	126	35	0	21	2808
PASSENGER	YEAR	1952	697	977	624	34	84	24	0	27	2467
PASSENGER	YEAR	1951	723	955	656	29	108	31	0	19	2521
PASSENGER	YEAR	1950	629	861	626	19	109	24	0	16	2284
PASSENGER	YEAR	1949	469	639	474	11	67	29	0	9	1698
PASSENGER	YEAR	1948	483	653	470	15	72	20	0	17	1730
PASSENGER	YEAR	1947	467	705	609	19	71	26	0	22	1919
PASSENGER	YEAR	1946	248	380	299	6	38	19	0	7	997
PASSENGER	YEAR	1945	42	48	16	1	5	2	0	2	116
PASSENGER	YEAR	1944	33	18	22	1	1	1	0	1	77
PASSENGER	YEAR	1943	22	35	15	1	3	0	0	1	77
PASSENGER	YEAR	1942	105	140	121	4	11	6	0	3	390
PASSENGER	YEAR	1941	271	382	298	2	44	9	0	5	1011
PASSENGER	YEAR	1940	413	487	446	5	70	16	0	17	1454
PASSENGER	YEAR	1939	292	432	350	5	55	19	0	8	1161
PASSENGER	YEAR	1938	328	428	349	4	46	21	0	5	1181
PASSENGER	YEAR	1937	378	560	486	9	83	28	0	8	1552
PASSENGER	YEAR	1936	274	368	305	2	51	18	0	4	1022
PASSENGER	YEAR	1935	217	315	251	1	29	8	0	5	826
PASSENGER	YEAR	1934	386	494	370	2	66	19	0	4	1341
PASSENGER	YEAR	1933	194	311	199	0	37	12	0	3	756
PASSENGER	YEAR	1932	464	596	396	3	57	18	0	8	1542
PASSENGER	YEAR	1931	717	880	544	1	103	25	0	13	2283
PASSENGER	YEAR	1930	744	937	633	5	97	33	0	13	2462
PASSENGER	YEAR	1929	505	696	515	1	65	28	0	10	1820
PASSENGER	YEAR	1928	425	581	437	1	51	17	0	13	1525
PASSENGER	YEAR	1927	205	353	306	3	29	10	0	12	918
PASSENGER	YEAR	1926	158	240	203	2	22	4	0	4	633
PASSENGER	YEAR	1925	54	134	94	0	11	6	0	1	300
PASSENGER	YEAR	1924	55	99	81	1	6	5	0	2	249
PASSENGER	YEAR	1923	79	163	51	2	22	5	0	1	323
PASSENGER	YEAR	1922	17	55	24	0	6	1	0	0	103
PASSENGER	YEAR	1921	16	38	24	0	3	3	0	0	84
PASSENGER	YEAR	1920	12	29	20	0	2	0	0	0	63
PASSENGER	YEAR	1919	17	119	42	52	6	4	0	0	240
PASSENGER	YEAR	1918	9	38	13	1	0	1	0	0	62
PASSENGER	YEAR	1917	19	51	27	4	3	2	0	0	106
PASSENGER	YEAR	1916	6	23	10	1	1	2	0	1	44
PASSENGER	YEAR	1915	28	44	21	1	6	3	0	1	104
PASSENGER	YEAR	1914	17	39	21	0	5	1	0	0	83
PASSENGER	YEAR	1913	14	35	14	0	3	2	0	0	68
PASSENGER	YEAR	1912	17	22	9	0	1	4	0	0	53
PASSENGER	YEAR	1911	11	40	10	4	2	4	0	0	71
PASSENGER	YEAR	1910	5	15	13	1	1	1	0	0	36
PASSENGER	YEAR	1909	6	7	10	1	3	0	0	0	27
PASSENGER	YEAR	1908	1	14	2	5	2	1	0	0	25
PASSENGER	YEAR	1907	1	5	8	0	2	1	0	0	17
PASSENGER	YEAR	1906	3	5	6	2	2	2	0	0	20
PASSENGER	YEAR	1905	1	4	4	0	0	0	0	0	9
PASSENGER	YEAR	1904	3	3	2	1	0	0	0	0	9
PASSENGER	YEAR	1903	1	10	4	0	0	0	0	0	15
PASSENGER	YEAR	1902	1	4	2	0	0	1	0	0	8
PASSENGER	YEAR	1901	0	5	4	0	0	0	0	0	9
PASSENGER	YEAR	1900	1	19	0	0	2	0	0	0	22
MOTORCYCLE	MOTIVE POWER	G	226451	375883	108487	3139	44619	9483	33	6275	774370
MOTORCYCLE	MOTIVE POWER	OTHER	20	55	23	1	7	4	0	2	112
MOTORCYCLE	BODY TYPE	MB	12	304	132	2	7	8	0	1	466
MOTORCYCLE	BODY TYPE	MD	13638	13196	3973	24	1451	258	0	282	32822
MOTORCYCLE	BODY TYPE	MS	207770	352891	101725	3065	41847	9012	30	5806	722146
MOTORCYCLE	BODY TYPE	MT	2919	8696	2436	48	1053	196	3	168	15519
MOTORCYCLE	BODY TYPE	MW	2132	750	187	1	268	13	0	20	3371
MOTORCYCLE	BODY TYPE	OTHER	0	101	57	0	0	0	0	0	158
MOTORCYCLE	YEAR	2023	398	68	6	0	0	0	0	1	473
MOTORCYCLE	YEAR	2022	8921	800	93	0	32	3	0	10	9859
MOTORCYCLE	YEAR	2021	6939	1589	176	0	98	7	0	15	8824
MOTORCYCLE	YEAR	2020	6767	1798	251	0	177	11	0	35	9039
MOTORCYCLE	YEAR	2019	8237	2392	399	1	342	22	0	54	11447
MOTORCYCLE	YEAR	2018	8785	2662	516	2	406	28	0	72	12471
MOTORCYCLE	YEAR	2017	8256	2871	587	4	503	29	0	100	12350
MOTORCYCLE	YEAR	2016	8112	2771	679	7	554	31	0	95	12249
MOTORCYCLE	YEAR	2015	8314	3333	909	9	630	45	0	133	13373
MOTORCYCLE	YEAR	2014	8427	3402	865	17	743	44	0	103	13601
MOTORCYCLE	YEAR	2013	8166	3992	1036	9	793	47	0	121	14164
MOTORCYCLE	YEAR	2012	7610	3686	1008	8	797	45	1	110	13265
MOTORCYCLE	YEAR	2011	6768	3673	1100	11	753	59	2	146	12512
MOTORCYCLE	YEAR	2010	6414	3859	927	5	753	57	0	128	12143
MOTORCYCLE	YEAR	2009	11956	8093	2173	29	1361	146	1	298	24057
MOTORCYCLE	YEAR	2008	12267	9065	2525	37	1360	169	4	323	25750
MOTORCYCLE	YEAR	2007	11928	9047	2378	29	1345	120	0	298	25145
MOTORCYCLE	YEAR	2006	11003	8899	2269	45	1312	146	0	319	23993
MOTORCYCLE	YEAR	2005	9242	7900	1941	49	1186	122	0	244	20684
MOTORCYCLE	YEAR	2004	8129	6991	1774	29	1013	108	4	261	18309
MOTORCYCLE	YEAR	2003	9265	9083	2274	38	1260	154	2	302	22378
MOTORCYCLE	YEAR	2002	6747	7938	1864	36	1052	130	2	250	18019
MOTORCYCLE	YEAR	2001	6094	7603	1973	42	1229	148	2	250	17341
MOTORCYCLE	YEAR	2000	5455	7245	1999	34	1284	156	2	252	16427
MOTORCYCLE	YEAR	1999	3689	5475	1374	17	1025	103	0	178	11861
MOTORCYCLE	YEAR	1998	2561	4134	1060	16	1067	78	0	131	9047
MOTORCYCLE	YEAR	1997	1988	3639	873	9	868	59	1	98	7535
MOTORCYCLE	YEAR	1996	1502	3549	837	20	544	98	1	82	6633
MOTORCYCLE	YEAR	1995	1223	2971	692	11	507	45	0	59	5508
MOTORCYCLE	YEAR	1994	988	3086	770	14	507	75	0	59	5499
MOTORCYCLE	YEAR	1993	1025	3228	778	14	538	51	0	53	5687
MOTORCYCLE	YEAR	1992	818	2595	708	11	487	75	2	53	4749
MOTORCYCLE	YEAR	1991	804	2469	659	6	436	54	0	53	4481
MOTORCYCLE	YEAR	1990	734	3131	804	11	498	83	1	48	5310
MOTORCYCLE	YEAR	1989	697	3579	980	12	545	94	1	61	5969
MOTORCYCLE	YEAR	1988	770	4293	1197	19	611	98	0	60	7048
MOTORCYCLE	YEAR	1987	693	4712	1265	22	642	127	0	68	7529
MOTORCYCLE	YEAR	1986	1206	9006	2326	64	1125	200	0	117	14044
MOTORCYCLE	YEAR	1985	1585	13574	3202	98	1613	353	0	181	20606
MOTORCYCLE	YEAR	1984	1613	17328	4174	200	2079	447	0	231	26072
MOTORCYCLE	YEAR	1983	1349	18848	4851	257	1994	473	2	181	27955
MOTORCYCLE	YEAR	1982	1514	23769	6267	370	2198	724	0	175	35017
MOTORCYCLE	YEAR	1981	1022	17038	4537	245	1487	485	2	109	24925
MOTORCYCLE	YEAR	1980	678	12761	3350	170	1060	400	0	81	18500
MOTORCYCLE	YEAR	1979	690	13506	3824	163	930	461	0	54	19628
MOTORCYCLE	YEAR	1978	679	15620	4563	220	1030	538	0	47	22697
MOTORCYCLE	YEAR	1977	543	10961	3467	152	688	389	2	30	16232
MOTORCYCLE	YEAR	1976	453	8233	2652	97	480	306	0	21	12242
MOTORCYCLE	YEAR	1975	465	10894	3740	117	580	426	1	21	16244
MOTORCYCLE	YEAR	1974	446	9019	3247	118	390	344	0	18	13582
MOTORCYCLE	YEAR	1973	407	7403	2826	81	348	261	0	14	11340
MOTORCYCLE	YEAR	1972	371	7412	2900	65	352	287	0	22	11409
MOTORCYCLE	YEAR	1971	251	3853	1668	44	182	172	0	7	6177
MOTORCYCLE	YEAR	1970	205	2241	1156	17	133	73	0	11	3836
MOTORCYCLE	YEAR	1969	199	1748	1134	10	108	49	0	5	3253
MOTORCYCLE	YEAR	1968	161	1394	943	8	89	48	0	5	2648
MOTORCYCLE	YEAR	1967	135	1114	877	8	84	35	0	1	2254
MOTORCYCLE	YEAR	1966	112	930	774	6	57	20	0	0	1899
MOTORCYCLE	YEAR	1965	67	571	586	1	37	18	0	6	1286
MOTORCYCLE	YEAR	1964	60	287	270	0	18	6	0	4	645
MOTORCYCLE	YEAR	1963	45	195	183	0	19	2	0	2	446
MOTORCYCLE	YEAR	1962	34	161	149	0	12	5	0	0	361
MOTORCYCLE	YEAR	1961	21	142	128	1	13	4	0	1	310
MOTORCYCLE	YEAR	1960	29	153	172	1	7	6	0	3	371
MOTORCYCLE	YEAR	1959	24	145	163	0	20	4	0	0	356
MOTORCYCLE	YEAR	1958	35	138	163	0	16	4	0	1	357
MOTORCYCLE	YEAR	1957	31	170	193	1	15	6	0	3	419
MOTORCYCLE	YEAR	1956	31	182	250	0	17	8	0	1	489
MOTORCYCLE	YEAR	1955	12	114	137	0	12	3	0	1	279
MOTORCYCLE	YEAR	1954	16	90	124	0	8	2	0	0	240
MOTORCYCLE	YEAR	1953	21	103	130	0	13	3	0	0	270
MOTORCYCLE	YEAR	1952	14	119	124	2	12	5	0	0	276
MOTORCYCLE	YEAR	1951	20	90	110	1	11	4	0	0	236
MOTORCYCLE	YEAR	1950	26	107	115	0	15	4	0	0	267
MOTORCYCLE	YEAR	1949	13	81	125	0	9	4	0	0	232
MOTORCYCLE	YEAR	1948	31	128	152	0	13	5	0	0	329
MOTORCYCLE	YEAR	1947	23	121	131	0	15	2	0	0	292
MOTORCYCLE	YEAR	1946	17	78	107	0	5	8	0	0	215
MOTORCYCLE	YEAR	1945	2	9	25	0	2	0	0	0	38
MOTORCYCLE	YEAR	1944	4	7	16	0	0	1	0	0	28
MOTORCYCLE	YEAR	1943	12	46	59	0	4	1	0	0	122
MOTORCYCLE	YEAR	1942	28	138	161	0	30	6	0	1	364
MOTORCYCLE	YEAR	1941	6	29	41	0	1	4	0	0	81
MOTORCYCLE	YEAR	1940	17	65	78	0	11	4	0	0	175
MOTORCYCLE	YEAR	1939	10	40	57	0	4	2	0	0	113
MOTORCYCLE	YEAR	1938	16	26	56	0	3	1	0	0	102
MOTORCYCLE	YEAR	1937	8	27	52	0	2	1	0	0	90
MOTORCYCLE	YEAR	1936	3	11	29	0	3	3	0	0	49
MOTORCYCLE	YEAR	1935	3	12	22	0	2	0	0	0	39
MOTORCYCLE	YEAR	1934	1	4	27	0	1	0	0	0	33
MOTORCYCLE	YEAR	1933	2	4	10	0	0	1	0	0	17
MOTORCYCLE	YEAR	1932	2	1	18	0	1	0	0	0	22
MOTORCYCLE	YEAR	1931	5	7	20	0	1	0	0	0	33
MOTORCYCLE	YEAR	1930	0	9	32	0	2	1	0	0	44
MOTORCYCLE	YEAR	1929	2	10	28	0	1	0	0	0	41
MOTORCYCLE	YEAR	1928	0	4	14	0	0	0	0	0	18
MOTORCYCLE	YEAR	1927	2	1	7	0	2	0	0	0	12
MOTORCYCLE	YEAR	1926	0	5	7	0	0	0	0	0	12
MOTORCYCLE	YEAR	1925	0	2	4	0	0	0	0	0	6
MOTORCYCLE	YEAR	1924	0	3	3	0	0	0	0	0	6
MOTORCYCLE	YEAR	1923	0	1	1	0	0	0	0	0	2
MOTORCYCLE	YEAR	1922	0	2	2	0	0	0	0	0	4
MOTORCYCLE	YEAR	1920	0	2	4	0	1	0	0	0	7
MOTORCYCLE	YEAR	1919	0	0	3	0	0	0	0	0	3
MOTORCYCLE	YEAR	1918	0	1	4	0	0	1	0	0	6
MOTORCYCLE	YEAR	1917	0	1	3	0	0	0	0	0	4
MOTORCYCLE	YEAR	1916	0	0	5	0	1	0	0	0	6
MOTORCYCLE	YEAR	1915	1	1	2	0	0	0	0	0	4
MOTORCYCLE	YEAR	1914	0	0	5	0	0	0	0	0	5
MOTORCYCLE	YEAR	1913	0	2	2	0	1	0	0	0	5
MOTORCYCLE	YEAR	1912	0	2	1	0	0	0	0	0	3
MOTORCYCLE	YEAR	1911	0	0	1	0	0	0	0	0	1
MOTORCYCLE	YEAR	1909	0	1	0	0	0	0	0	0	1
MOTORCYCLE	YEAR	1908	0	2	2	0	0	0	0	0	4
MOTORCYCLE	YEAR	1905	0	1	0	0	0	0	0	0	1
MOTORCYCLE	YEAR	1904	0	1	0	0	0	0	0	0	1
MOTORCYCLE	YEAR	1903	0	2	0	0	0	0	0	0	2
MOTORCYCLE	YEAR	1900	1	11	0	0	1	0	0	0	13
MOPED	MOTIVE POWER	G	343	19419	808	83	497	560	1	14	21725
MOPED	MOTIVE POWER	OTHER	0	18	1	0	0	1	0	0	20
MOPED	YEAR	2023	2	0	0	0	0	0	0	0	2
MOPED	YEAR	2022	2	0	0	0	0	0	0	0	2
MOPED	YEAR	2021	3	0	0	0	0	0	0	0	3
MOPED	YEAR	2020	1	0	0	0	0	0	0	0	1
MOPED	YEAR	2019	0	2	0	0	1	0	0	0	3
MOPED	YEAR	2018	0	3	2	0	0	0	0	0	5
MOPED	YEAR	2017	1	0	0	0	1	0	0	0	2
MOPED	YEAR	2016	3	3	1	0	4	1	0	0	12
MOPED	YEAR	2015	1	3	0	0	1	0	0	0	5
MOPED	YEAR	2014	1	4	1	0	1	0	0	0	7
MOPED	YEAR	2013	9	13	4	0	4	0	0	1	31
MOPED	YEAR	2012	2	4	3	0	0	1	0	0	10
MOPED	YEAR	2011	0	8	0	0	1	0	0	0	9
MOPED	YEAR	2010	4	28	5	0	2	0	0	0	39
MOPED	YEAR	2009	3	38	1	0	7	0	0	1	50
MOPED	YEAR	2008	1	27	1	0	6	1	0	2	38
MOPED	YEAR	2007	2	25	5	0	4	0	0	0	36
MOPED	YEAR	2006	12	148	12	0	17	2	0	1	192
MOPED	YEAR	2005	45	540	24	0	30	8	0	0	647
MOPED	YEAR	2004	14	143	12	0	11	6	0	0	186
MOPED	YEAR	2003	6	77	3	0	9	1	0	1	97
MOPED	YEAR	2002	10	160	9	0	7	3	0	0	189
MOPED	YEAR	2001	30	599	28	0	15	16	0	2	690
MOPED	YEAR	2000	14	204	8	0	9	4	0	0	239
MOPED	YEAR	1999	1	112	9	0	12	2	0	0	136
MOPED	YEAR	1998	0	14	1	0	4	0	0	0	19
MOPED	YEAR	1997	1	19	0	0	3	0	0	0	23
MOPED	YEAR	1996	2	11	0	0	4	0	0	0	17
MOPED	YEAR	1995	2	8	0	3	0	0	0	0	13
MOPED	YEAR	1994	1	29	0	0	1	0	0	0	31
MOPED	YEAR	1993	0	19	1	0	0	2	0	0	22
MOPED	YEAR	1992	1	18	1	0	0	1	0	0	21
MOPED	YEAR	1991	0	33	2	0	1	0	0	0	36
MOPED	YEAR	1990	3	44	1	0	4	0	0	0	52
MOPED	YEAR	1989	1	46	1	0	3	1	0	0	52
MOPED	YEAR	1988	2	31	4	0	1	0	0	0	38
MOPED	YEAR	1987	1	223	6	1	1	4	0	1	237
MOPED	YEAR	1986	4	182	15	0	9	6	0	0	216
MOPED	YEAR	1985	4	282	18	1	13	2	0	1	321
MOPED	YEAR	1984	3	189	21	1	11	4	0	1	230
MOPED	YEAR	1983	6	548	27	2	22	9	0	0	614
MOPED	YEAR	1982	13	763	35	0	26	16	0	0	853
MOPED	YEAR	1981	12	918	44	10	25	30	0	0	1039
MOPED	YEAR	1980	6	759	28	2	20	15	0	0	830
MOPED	YEAR	1979	9	827	35	2	30	21	0	0	924
MOPED	YEAR	1978	10	784	28	3	21	19	0	1	866
MOPED	YEAR	1977	10	1134	39	6	16	34	0	0	1239
MOPED	YEAR	1976	5	2028	71	10	30	77	0	0	2221
MOPED	YEAR	1975	48	6101	197	34	83	209	1	2	6675
MOPED	YEAR	1974	7	713	14	4	12	22	0	0	772
MOPED	YEAR	1973	2	229	7	0	2	10	0	0	250
MOPED	YEAR	1972	3	217	10	1	5	7	0	0	243
MOPED	YEAR	1971	3	288	16	0	2	9	0	0	318
MOPED	YEAR	1970	8	335	17	2	2	12	0	0	376
MOPED	YEAR	1969	2	87	3	0	1	0	0	0	93
MOPED	YEAR	1968	0	69	5	0	0	1	0	0	75
MOPED	YEAR	1967	1	27	1	0	0	0	0	0	29
MOPED	YEAR	1966	0	76	5	0	1	4	0	0	86
MOPED	YEAR	1965	3	50	5	1	0	0	0	0	59
MOPED	YEAR	1964	0	13	5	0	1	0	0	0	19
MOPED	YEAR	1963	0	26	0	0	0	0	0	0	26
MOPED	YEAR	1962	0	15	2	0	0	0	0	0	17
MOPED	YEAR	1961	0	12	3	0	0	0	0	0	15
MOPED	YEAR	1960	0	24	2	0	0	0	0	0	26
MOPED	YEAR	1959	0	12	1	0	0	0	0	0	13
MOPED	YEAR	1958	0	11	2	0	0	0	0	0	13
MOPED	YEAR	1957	0	6	2	0	0	0	0	0	8
MOPED	YEAR	1956	0	4	0	0	0	0	0	0	4
MOPED	YEAR	1955	0	9	1	0	0	0	0	0	10
MOPED	YEAR	1954	1	3	0	0	0	0	0	0	4
MOPED	YEAR	1953	0	7	0	0	0	0	0	0	7
MOPED	YEAR	1952	0	4	0	0	0	0	0	0	4
MOPED	YEAR	1951	0	4	0	0	0	0	0	0	4
MOPED	YEAR	1950	0	4	1	0	0	0	0	0	5
MOPED	YEAR	1949	0	1	2	0	0	0	0	0	3
MOPED	YEAR	1948	0	6	0	0	0	0	0	0	6
MOPED	YEAR	1947	0	8	1	0	0	0	0	0	9
MOPED	YEAR	1946	1	5	1	0	0	0	0	0	7
MOPED	YEAR	1943	0	0	0	0	0	1	0	0	1
MOPED	YEAR	1939	0	1	0	0	0	0	0	0	1
MOPED	YEAR	1938	0	1	0	0	0	0	0	0	1
MOPED	YEAR	1937	0	1	0	0	0	0	0	0	1
MOPED	YEAR	1935	0	1	0	0	0	0	0	0	1
MOPED	YEAR	1926	0	1	0	0	0	0	0	0	1
MOPED	YEAR	1911	0	1	0	0	0	0	0	0	1
MOPED	YEAR	1900	1	15	0	0	1	0	0	0	17
COMMERCIAL	AXLES	1	3717	22305	3558	5023	3699	813	0	269	39384
COMMERCIAL	AXLES	2	1525143	2501748	280638	563806	314350	93186	221	49345	5328437
COMMERCIAL	AXLES	3	115015	290894	70433	14536	43512	7478	31	3010	544909
COMMERCIAL	AXLES	4	25779	9737	2711	234	1394	223	5	532	40615
COMMERCIAL	AXLES	5	390	649	66	11	79	2	0	19	1216
COMMERCIAL	AXLES	OTHER	154	615	51	26	55	9	1	7	918
COMMERCIAL	MOTIVE POWER		0	65	40	3	24	1	0	0	133
COMMERCIAL	MOTIVE POWER	D	372997	515742	105588	32009	87197	14124	195	12357	1140209
COMMERCIAL	MOTIVE POWER	E	47	87	19	2	4	4	0	0	163
COMMERCIAL	MOTIVE POWER	F	208019	130915	11073	6324	19247	5254	5	2008	382845
COMMERCIAL	MOTIVE POWER	G	1079059	2169389	239735	542789	255870	82063	58	38771	4407734
COMMERCIAL	MOTIVE POWER	L	7471	947	70	45	142	40	0	8	8723
COMMERCIAL	MOTIVE POWER	N	1046	416	42	103	35	6	0	14	1662
COMMERCIAL	MOTIVE POWER	P	522	8209	874	2326	542	211	0	21	12705
COMMERCIAL	MOTIVE POWER	U	59	74	8	22	6	2	0	2	173
COMMERCIAL	MOTIVE POWER	V	973	49	1	0	12	1	0	0	1036
COMMERCIAL	MOTIVE POWER	OTHER	5	55	7	13	10	5	0	1	96
COMMERCIAL	BODY TYPE	CB	44809	73999	11216	9759	8904	1740	2	2660	153089
COMMERCIAL	BODY TYPE	CN	811	1029	243	30	155	35	0	43	2346
COMMERCIAL	BODY TYPE	CO	6916	21824	4798	1986	3015	607	1	539	39686
COMMERCIAL	BODY TYPE	CT	179901	262912	67708	11066	44824	6554	25	4468	577458
COMMERCIAL	BODY TYPE	CW	265292	252002	20453	4730	34150	11136	14	2349	590126
COMMERCIAL	BODY TYPE	DP	6798	37135	7672	2583	3781	1091	11	759	59830
COMMERCIAL	BODY TYPE	FM	1345	12870	2489	1478	1329	572	1	91	20175
COMMERCIAL	BODY TYPE	FV	128977	34607	4679	3768	9471	1090	0	575	183167
COMMERCIAL	BODY TYPE	IC	3703	2781	541	806	412	51	0	98	8392
COMMERCIAL	BODY TYPE	MX	1472	1998	466	82	341	51	0	56	4466
COMMERCIAL	BODY TYPE	OV	18	123	30	12	8	2	0	4	197
COMMERCIAL	BODY TYPE	PD	1210	841	104	87	99	17	0	19	2377
COMMERCIAL	BODY TYPE	PF	796	10842	1910	1162	692	288	0	116	15806
COMMERCIAL	BODY TYPE	PK	975928	1662363	186222	391293	208295	64288	187	37015	3525591
COMMERCIAL	BODY TYPE	PR	330	1306	260	108	368	105	0	23	2500
COMMERCIAL	BODY TYPE	SD	357	1685	251	284	432	61	0	26	3096
COMMERCIAL	BODY TYPE	ST	441	27040	4066	3221	864	615	1	109	36357
COMMERCIAL	BODY TYPE	TX	1659	6503	1571	674	560	191	0	96	11254
COMMERCIAL	BODY TYPE	TY	21924	45518	5471	9074	7440	2380	13	842	92662
COMMERCIAL	BODY TYPE	VN	26044	346082	34000	140400	36144	10687	3	3205	596565
COMMERCIAL	BODY TYPE	WR	1467	5459	1125	818	283	144	0	89	9385
COMMERCIAL	BODY TYPE	OTHER	0	17029	2182	215	1522	6	0	0	20954
COMMERCIAL	YEAR	2023	15866	1347	72	0	120	2	0	9	17416
COMMERCIAL	YEAR	2022	137532	8141	683	0	1200	196	0	48	147800
COMMERCIAL	YEAR	2021	119084	28364	1356	17	3008	909	0	74	152812
COMMERCIAL	YEAR	2020	108736	33790	2778	30	5131	1450	1	112	152028
COMMERCIAL	YEAR	2019	142510	53862	4188	109	8387	2261	0	146	211463
COMMERCIAL	YEAR	2018	124810	57563	4287	195	9129	2080	0	162	198226
COMMERCIAL	YEAR	2017	118853	59409	4642	339	9455	2406	0	169	195273
COMMERCIAL	YEAR	2016	101993	64723	5601	475	9654	2526	5	250	185227
COMMERCIAL	YEAR	2015	81733	54972	4969	515	8270	2231	4	312	153006
COMMERCIAL	YEAR	2014	72720	53065	4738	699	7620	2175	6	317	141340
COMMERCIAL	YEAR	2013	61315	45852	4392	734	6874	1810	2	408	121387
COMMERCIAL	YEAR	2012	59785	40957	4607	1104	6898	1583	3	536	115473
COMMERCIAL	YEAR	2011	69164	47212	5034	1840	7592	1910	1	776	133529
COMMERCIAL	YEAR	2010	62927	44140	5066	2594	6955	1792	1	1001	124476
COMMERCIAL	YEAR	2009	44428	31637	4576	2738	5628	1330	0	1023	91360
COMMERCIAL	YEAR	2008	52251	45240	7370	5774	8091	1796	4	1867	122393
COMMERCIAL	YEAR	2007	51299	51220	9470	7218	9412	2055	8	2081	132763
COMMERCIAL	YEAR	2006	41165	46915	9367	8999	8270	2140	4	2289	119149
COMMERCIAL	YEAR	2005	34828	47730	9467	10366	7706	2114	7	2627	114845
COMMERCIAL	YEAR	2004	28602	49690	8694	12922	7169	2274	3	2971	112325
COMMERCIAL	YEAR	2003	25825	54481	8818	17115	7332	2251	5	3374	119201
COMMERCIAL	YEAR	2002	17313	52174	7726	17236	6980	2153	25	2930	106537
COMMERCIAL	YEAR	2001	13701	53016	7992	17610	9283	2009	114	2784	106509
COMMERCIAL	YEAR	2000	12721	64511	9685	22592	10830	2358	1	3130	125828
COMMERCIAL	YEAR	1999	9952	61333	8883	21075	12292	2047	4	2810	118396
COMMERCIAL	YEAR	1998	9384	59992	8491	21445	15593	2094	3	2788	119790
COMMERCIAL	YEAR	1997	6643	52555	7525	19126	11358	1726	4	2351	101288
COMMERCIAL	YEAR	1996	5109	39720	5778	13322	6170	1261	10	1634	73004
COMMERCIAL	YEAR	1995	5545	51949	8160	17347	8194	1613	1	2054	94863
COMMERCIAL	YEAR	1994	3797	47313	7145	17381	7494	1694	0	1805	86629
COMMERCIAL	YEAR	1993	2823	39083	5882	13225	5707	1392	0	1373	69485
COMMERCIAL	YEAR	1992	2395	39978	5413	13977	5431	1481	0	1179	69854
COMMERCIAL	YEAR	1991	2042	41749	5333	13999	5131	1557	1	1084	70896
COMMERCIAL	YEAR	1990	2516	58345	7541	18483	7178	2043	0	1292	97398
COMMERCIAL	YEAR	1989	2212	75276	8789	23415	8527	2626	0	1214	122059
COMMERCIAL	YEAR	1988	1826	91725	10292	26566	10456	3206	0	1130	145201
COMMERCIAL	YEAR	1987	1527	76235	8846	20127	9103	2522	4	536	118900
COMMERCIAL	YEAR	1986	1612	80975	8733	19349	9348	2813	2	478	123310
COMMERCIAL	YEAR	1985	1222	73431	7187	15981	8503	2423	2	365	109114
COMMERCIAL	YEAR	1984	896	60571	6127	13567	6525	2111	2	229	90028
COMMERCIAL	YEAR	1983	490	36902	3283	9179	4042	1395	0	108	55399
COMMERCIAL	YEAR	1982	488	36264	3627	8185	4023	1235	0	108	53930
COMMERCIAL	YEAR	1981	773	60806	5758	13013	5757	2095	0	196	88398
COMMERCIAL	YEAR	1980	548	60454	5919	11932	5800	2047	3	128	86831
COMMERCIAL	YEAR	1979	928	78050	7887	14587	6881	2561	3	153	111050
COMMERCIAL	YEAR	1978	792	68376	7216	14048	5751	2176	6	118	98483
COMMERCIAL	YEAR	1977	577	70178	7642	15544	5209	2226	3	99	101478
COMMERCIAL	YEAR	1976	364	62773	7209	14248	3918	2024	0	71	90607
COMMERCIAL	YEAR	1975	290	54446	6672	11779	3136	1738	3	69	78133
COMMERCIAL	YEAR	1974	230	58854	7694	13576	2966	1880	3	59	85262
COMMERCIAL	YEAR	1973	178	43556	5861	9768	2046	1333	3	30	62775
COMMERCIAL	YEAR	1972	465	33996	5139	6911	1480	1065	4	38	49098
COMMERCIAL	YEAR	1971	256	21401	3409	4399	845	702	1	34	31047
COMMERCIAL	YEAR	1970	301	19267	3138	3579	591	600	2	24	27502
COMMERCIAL	YEAR	1969	290	22133	3652	4303	675	639	0	25	31717
COMMERCIAL	YEAR	1968	284	15867	2646	2693	435	427	0	25	22377
COMMERCIAL	YEAR	1967	225	12169	2152	2127	310	349	0	23	17355
COMMERCIAL	YEAR	1966	281	8014	1610	1322	227	216	0	11	11681
COMMERCIAL	YEAR	1965	199	5050	1088	844	126	144	0	13	7464
COMMERCIAL	YEAR	1964	188	3842	826	626	97	91	0	12	5682
COMMERCIAL	YEAR	1963	120	2267	520	364	60	58	0	7	3396
COMMERCIAL	YEAR	1962	77	1430	356	201	34	30	0	6	2134
COMMERCIAL	YEAR	1961	63	996	332	163	24	27	0	0	1605
COMMERCIAL	YEAR	1960	60	941	327	123	34	30	0	4	1519
COMMERCIAL	YEAR	1959	118	692	401	87	35	11	0	11	1355
COMMERCIAL	YEAR	1958	100	483	299	65	21	13	0	3	984
COMMERCIAL	YEAR	1957	143	581	436	54	41	16	0	3	1274
COMMERCIAL	YEAR	1956	218	806	638	66	56	29	0	9	1822
COMMERCIAL	YEAR	1955	197	603	454	44	46	10	0	6	1360
COMMERCIAL	YEAR	1954	159	478	369	31	38	8	0	2	1085
COMMERCIAL	YEAR	1953	214	591	571	41	46	14	0	9	1486
COMMERCIAL	YEAR	1952	245	624	651	20	64	15	0	10	1629
COMMERCIAL	YEAR	1951	255	431	560	31	52	14	0	6	1349
COMMERCIAL	YEAR	1950	237	361	532	25	28	8	0	6	1197
COMMERCIAL	YEAR	1949	194	379	489	16	32	14	0	3	1127
COMMERCIAL	YEAR	1948	146	277	387	9	20	13	0	4	856
COMMERCIAL	YEAR	1947	138	250	362	10	20	8	0	7	795
COMMERCIAL	YEAR	1946	126	189	267	3	20	8	0	3	616
COMMERCIAL	YEAR	1945	11	45	54	3	3	1	0	1	118
COMMERCIAL	YEAR	1944	7	36	42	0	3	1	0	0	89
COMMERCIAL	YEAR	1943	7	23	27	1	0	0	0	1	59
COMMERCIAL	YEAR	1942	29	59	102	1	8	2	0	0	201
COMMERCIAL	YEAR	1941	47	75	125	0	7	2	0	3	259
COMMERCIAL	YEAR	1940	58	69	134	1	6	2	0	3	273
COMMERCIAL	YEAR	1939	28	30	84	1	9	0	0	4	156
COMMERCIAL	YEAR	1938	45	46	68	1	7	2	0	1	170
COMMERCIAL	YEAR	1937	57	52	85	0	4	2	0	2	202
COMMERCIAL	YEAR	1936	35	57	60	0	3	2	0	1	158
COMMERCIAL	YEAR	1935	31	31	67	0	5	1	0	0	135
COMMERCIAL	YEAR	1934	34	34	61	0	7	0	0	1	137
COMMERCIAL	YEAR	1933	5	20	38	0	2	0	0	0	65
COMMERCIAL	YEAR	1932	23	44	58	0	4	0	0	1	130
COMMERCIAL	YEAR	1931	30	50	57	0	5	1	0	0	143
COMMERCIAL	YEAR	1930	34	50	65	0	2	1	0	0	152
COMMERCIAL	YEAR	1929	36	59	70	0	6	1	0	2	174
COMMERCIAL	YEAR	1928	23	31	61	0	7	0	0	1	123
COMMERCIAL	YEAR	1927	9	19	28	0	1	1	0	0	58
COMMERCIAL	YEAR	1926	4	16	15	0	1	0	0	0	36
COMMERCIAL	YEAR	1925	4	9	24	0	0	0	0	0	37
COMMERCIAL	YEAR	1924	6	6	13	0	0	0	0	0	25
COMMERCIAL	YEAR	1923	12	28	14	0	6	0	0	0	60
COMMERCIAL	YEAR	1922	1	1	2	0	0	0	0	0	4
COMMERCIAL	YEAR	1921	0	0	4	0	1	1	0	0	6
COMMERCIAL	YEAR	1920	0	3	1	0	0	0	0	0	4
COMMERCIAL	YEAR	1919	0	3	5	0	0	0	0	0	8
COMMERCIAL	YEAR	1918	1	1	2	0	0	0	0	0	4
COMMERCIAL	YEAR	1917	0	4	0	0	0	0	0	0	4
COMMERCIAL	YEAR	1916	0	0	1	0	0	0	0	0	1
COMMERCIAL	YEAR	1915	0	1	1	0	0	0	0	0	2
COMMERCIAL	YEAR	1914	0	2	0	0	0	1	0	0	3
COMMERCIAL	YEAR	1913	0	0	1	0	0	0	0	0	1
COMMERCIAL	YEAR	1911	0	0	1	0	0	0	0	0	1
COMMERCIAL	YEAR	1909	0	3	0	1	0	0	0	0	4
COMMERCIAL	YEAR	1908	0	1	0	0	1	0	0	0	2
COMMERCIAL	YEAR	1907	0	5	1	3	0	0	0	0	9
COMMERCIAL	YEAR	1906	0	5	0	1	0	0	0	0	6
COMMERCIAL	YEAR	1905	0	2	0	0	0	0	0	0	2
COMMERCIAL	YEAR	1904	0	4	0	0	1	0	0	0	5
COMMERCIAL	YEAR	1903	0	1	1	0	0	0	0	0	2
COMMERCIAL	YEAR	1902	0	0	0	0	0	1	0	0	1
COMMERCIAL	YEAR	1900	2	5	3	1	0	0	0	0	11
BUS	AXLES	1	69	596	87	82	168	57	0	8	1067
BUS	AXLES	2	30154	42460	6677	13503	4175	3910	2	564	101445
BUS	AXLES	3	2188	7152	1000	619	1167	532	2	73	12733
BUS	AXLES	OTHER	16	37	4	5	3	0	0	0	65
BUS	MOTIVE POWER	D	19370	30916	4641	10594	3057	2448	0	506	71532
BUS	MOTIVE POWER	E	135	199	30	2	2	0	0	0	368
BUS	MOTIVE POWER	F	2785	319	39	18	111	16	0	20	3308
BUS	MOTIVE POWER	G	9253	17625	2954	3366	2315	1987	4	118	37622
BUS	MOTIVE POWER	I	390	382	1	69	0	0	0	0	842
BUS	MOTIVE POWER	L	82	39	1	48	0	0	0	0	170
BUS	MOTIVE POWER	N	113	268	11	34	0	1	0	0	427
BUS	MOTIVE POWER	P	292	474	90	77	25	46	0	0	1004
BUS	MOTIVE POWER	OTHER	7	23	1	1	3	1	0	1	37
BUS	BODY TYPE	BU	32427	50110	7754	14206	5507	4499	4	645	115152
BUS	BODY TYPE	OTHER	0	135	14	3	6	0	0	0	158
BUS	YEAR	2023	604	6	0	0	0	0	0	0	610
BUS	YEAR	2022	1511	15	1	0	6	0	0	0	1533
BUS	YEAR	2021	1424	8	1	0	0	0	0	0	1433
BUS	YEAR	2020	1911	34	3	0	14	0	0	0	1962
BUS	YEAR	2019	3161	95	10	0	62	0	0	2	3330
BUS	YEAR	2018	2632	87	5	0	28	1	0	5	2758
BUS	YEAR	2017	2924	162	19	1	47	0	0	3	3156
BUS	YEAR	2016	2380	142	24	4	55	2	0	2	2609
BUS	YEAR	2015	1950	183	14	3	24	2	0	17	2193
BUS	YEAR	2014	2062	188	36	7	35	2	0	6	2336
BUS	YEAR	2013	2466	212	37	25	62	3	0	8	2813
BUS	YEAR	2012	2144	306	47	24	48	8	0	7	2584
BUS	YEAR	2011	1684	413	75	44	93	15	0	9	2333
BUS	YEAR	2010	1703	502	76	100	114	13	0	18	2526
BUS	YEAR	2009	1068	1318	127	316	143	23	0	24	3019
BUS	YEAR	2008	739	1010	110	266	100	39	0	47	2311
BUS	YEAR	2007	696	1115	95	219	119	21	0	32	2297
BUS	YEAR	2006	565	1544	163	702	111	52	0	30	3167
BUS	YEAR	2005	314	1203	108	504	95	50	0	25	2299
BUS	YEAR	2004	153	1482	214	835	55	65	0	34	2838
BUS	YEAR	2003	109	1155	157	578	74	38	0	46	2157
BUS	YEAR	2002	26	1066	117	535	57	43	0	36	1880
BUS	YEAR	2001	35	1519	136	515	99	46	0	29	2379
BUS	YEAR	2000	51	1393	132	893	180	64	0	44	2757
BUS	YEAR	1999	34	1264	152	708	125	187	0	37	2507
BUS	YEAR	1998	22	1148	177	616	87	103	0	28	2181
BUS	YEAR	1997	9	974	149	403	120	77	0	24	1756
BUS	YEAR	1996	6	1125	110	573	88	64	0	21	1987
BUS	YEAR	1995	2	1117	189	420	140	49	0	46	1963
BUS	YEAR	1994	0	801	191	218	142	59	0	11	1422
BUS	YEAR	1993	0	889	178	312	167	55	0	10	1611
BUS	YEAR	1992	0	1250	230	316	164	114	0	10	2084
BUS	YEAR	1991	1	1264	189	411	129	108	0	10	2112
BUS	YEAR	1990	0	1567	265	494	139	165	0	4	2634
BUS	YEAR	1989	0	1673	327	424	109	144	0	5	2682
BUS	YEAR	1988	2	1670	329	413	118	197	0	3	2732
BUS	YEAR	1987	0	1696	286	305	188	335	0	4	2814
BUS	YEAR	1986	1	1263	212	223	147	202	0	1	2049
BUS	YEAR	1985	1	1325	248	248	148	178	0	2	2150
BUS	YEAR	1984	1	1165	225	240	145	154	0	0	1930
BUS	YEAR	1983	0	958	135	217	134	84	0	0	1528
BUS	YEAR	1982	0	977	124	124	134	88	0	0	1447
BUS	YEAR	1981	3	1534	185	194	229	197	1	0	2343
BUS	YEAR	1980	1	1088	134	138	191	150	0	0	1702
BUS	YEAR	1979	2	1208	130	141	201	120	0	0	1802
BUS	YEAR	1978	0	1150	168	221	155	197	0	0	1891
BUS	YEAR	1977	0	1171	138	184	65	202	0	0	1760
BUS	YEAR	1976	0	1078	156	163	84	158	0	0	1639
BUS	YEAR	1975	0	1455	183	290	141	215	0	0	2284
BUS	YEAR	1974	0	893	190	200	56	112	0	1	1452
BUS	YEAR	1973	1	782	218	97	35	74	0	0	1207
BUS	YEAR	1972	0	620	134	80	48	69	2	0	953
BUS	YEAR	1971	1	439	59	74	44	40	1	0	658
BUS	YEAR	1970	0	288	50	49	33	37	0	0	457
BUS	YEAR	1969	0	278	46	24	13	21	0	0	382
BUS	YEAR	1968	0	200	65	28	21	4	0	0	318
BUS	YEAR	1967	0	227	101	22	18	13	0	0	381
BUS	YEAR	1966	1	167	98	22	42	9	0	2	341
BUS	YEAR	1965	3	124	87	13	39	10	0	0	276
BUS	YEAR	1964	2	76	26	5	22	5	0	0	136
BUS	YEAR	1963	1	47	81	6	11	5	0	0	151
BUS	YEAR	1962	2	26	49	4	6	4	0	0	91
BUS	YEAR	1961	1	18	2	10	1	1	0	1	34
BUS	YEAR	1960	0	21	3	2	8	1	0	1	36
BUS	YEAR	1959	0	17	3	2	2	0	0	0	24
BUS	YEAR	1958	0	6	2	1	0	2	0	0	11
BUS	YEAR	1957	0	11	3	0	0	1	0	0	15
BUS	YEAR	1956	0	7	3	0	0	1	0	0	11
BUS	YEAR	1955	0	5	4	1	1	0	0	0	11
BUS	YEAR	1954	0	2	2	0	0	0	0	0	4
BUS	YEAR	1953	0	3	1	1	0	0	0	0	5
BUS	YEAR	1952	0	3	3	0	0	0	0	0	6
BUS	YEAR	1951	0	4	0	1	1	0	0	0	6
BUS	YEAR	1950	0	5	4	0	1	0	0	0	10
BUS	YEAR	1949	0	1	5	0	0	0	0	0	6
BUS	YEAR	1948	0	2	3	0	0	0	0	0	5
BUS	YEAR	1947	0	0	1	0	0	0	0	0	1
BUS	YEAR	1946	0	0	1	0	0	0	0	0	1
BUS	YEAR	1945	0	0	1	0	0	0	0	0	1
BUS	YEAR	1943	0	1	0	0	0	0	0	0	1
BUS	YEAR	1939	0	1	1	0	0	0	0	0	2
BUS	YEAR	1938	0	0	1	0	0	0	0	0	1
BUS	YEAR	1937	0	1	1	0	0	0	0	0	2
BUS	YEAR	1935	0	1	1	0	0	0	0	0	2
BUS	YEAR	1924	18	0	0	0	0	0	0	0	18
BUS	YEAR	1921	0	0	1	0	0	0	0	0	1
BUS	YEAR	1919	0	0	0	0	0	1	0	0	1
BUS	YEAR	1916	0	1	0	0	0	0	0	0	1
BUS	YEAR	1902	0	0	1	0	0	0	0	0	1
TRAILER	AXLES	1	2129529	242107	4316	1811	42357	19183	3	0	2439306
TRAILER	AXLES	2	1146999	250059	9996	863	71633	15219	20	0	1494789
TRAILER	AXLES	3	116753	24303	1312	112	12726	1759	27	0	156992
TRAILER	AXLES	4	22676	4212	312	22	2505	232	0	0	29959
TRAILER	AXLES	5	7887	1551	117	5	250	71	0	0	9881
TRAILER	AXLES	6	2456	505	39	2	116	11	0	0	3129
TRAILER	AXLES	OTHER	1493	132	11	0	121	5	0	0	1762
TRAILER	BODY TYPE	AT	12712	2683	149	6	739	154	0	0	16443
TRAILER	BODY TYPE	BT	765452	87548	744	285	16502	6513	10	0	877054
TRAILER	BODY TYPE	DP	73449	6294	1136	54	3103	350	1	0	84387
TRAILER	BODY TYPE	DT	5264	923	29	2	297	14	2	0	6531
TRAILER	BODY TYPE	FV	319162	93439	4299	390	43717	8624	12	0	469643
TRAILER	BODY TYPE	HR	24082	3435	77	14	1591	275	0	0	29474
TRAILER	BODY TYPE	LB	49426	6415	402	44	1388	431	9	0	58115
TRAILER	BODY TYPE	LT	13694	4080	159	30	1534	461	0	0	19958
TRAILER	BODY TYPE	LV	15802	1723	54	7	766	134	0	0	18486
TRAILER	BODY TYPE	MX	224	71	5	5	28	6	0	0	339
TRAILER	BODY TYPE	OV	5743	1401	59	7	336	46	2	0	7594
TRAILER	BODY TYPE	PF	315063	52994	2238	600	12960	4269	8	0	388132
TRAILER	BODY TYPE	PL	3856	857	51	10	167	61	0	0	5002
TRAILER	BODY TYPE	TT	126816	23789	653	177	6973	1567	0	0	159975
TRAILER	BODY TYPE	TV	365797	121366	1851	315	19964	4175	1	0	513469
TRAILER	BODY TYPE	TY	1324913	115545	4180	867	19494	9398	5	0	1474402
TRAILER	BODY TYPE	OTHER	6338	306	17	2	149	2	0	0	6814
TRAILER	YEAR	2024	610	0	0	0	0	0	0	0	610
TRAILER	YEAR	2023	23839	1748	4	0	183	41	0	0	25815
TRAILER	YEAR	2022	93155	3386	23	0	566	50	0	0	97180
TRAILER	YEAR	2021	101175	3179	23	0	703	52	0	0	105132
TRAILER	YEAR	2020	83630	3348	35	0	892	80	0	0	87985
TRAILER	YEAR	2019	90815	4246	40	0	1143	87	0	0	96331
TRAILER	YEAR	2018	96354	4487	64	0	1345	113	0	0	102363
TRAILER	YEAR	2017	86868	4590	59	0	1473	184	0	0	93174
TRAILER	YEAR	2016	80483	4838	62	0	1423	220	0	0	87026
TRAILER	YEAR	2015	82223	5182	95	0	1560	219	0	0	89279
TRAILER	YEAR	2014	82578	6047	138	0	1793	250	0	0	90806
TRAILER	YEAR	2013	84695	6405	158	0	2138	280	0	0	93676
TRAILER	YEAR	2012	82621	6746	206	0	2199	324	0	0	92096
TRAILER	YEAR	2011	82438	6753	240	1	2322	321	1	0	92076
TRAILER	YEAR	2010	72242	6433	250	1	1862	322	0	0	81110
TRAILER	YEAR	2009	77069	7167	315	1	2288	456	0	0	87296
TRAILER	YEAR	2008	95452	9442	502	1	3291	695	0	0	109383
TRAILER	YEAR	2007	94473	10181	588	1	3468	596	0	0	109307
TRAILER	YEAR	2006	89307	9862	528	0	3428	644	0	0	103769
TRAILER	YEAR	2005	79858	9750	566	1	3666	595	0	0	94436
TRAILER	YEAR	2004	76056	9341	521	1	2924	582	0	0	89425
TRAILER	YEAR	2003	69905	8931	543	2	2719	622	0	0	82722
TRAILER	YEAR	2002	61838	8240	472	2	2210	657	0	0	73419
TRAILER	YEAR	2001	61928	9865	549	9	3132	765	0	0	76248
TRAILER	YEAR	2000	71586	12119	668	6	4027	961	3	0	89370
TRAILER	YEAR	1999	61842	11449	722	9	3878	1037	0	0	78937
TRAILER	YEAR	1998	60775	12241	755	31	3985	1132	1	0	78920
TRAILER	YEAR	1997	52161	10349	566	14	2841	1004	1	0	66936
TRAILER	YEAR	1996	48389	10273	434	16	2636	1068	2	0	62818
TRAILER	YEAR	1995	51522	11023	519	19	3102	990	3	0	67178
TRAILER	YEAR	1994	49261	10557	391	27	3187	890	0	0	64313
TRAILER	YEAR	1993	45057	9345	362	27	2126	759	0	0	57676
TRAILER	YEAR	1992	47228	10595	281	37	2271	771	0	0	61183
TRAILER	YEAR	1991	43191	9629	290	47	1967	753	0	0	55877
TRAILER	YEAR	1990	51850	12344	359	49	2699	805	1	0	68107
TRAILER	YEAR	1989	54880	13862	349	66	2914	930	0	0	73001
TRAILER	YEAR	1988	51417	14550	436	60	3763	1006	1	0	71233
TRAILER	YEAR	1987	48542	13607	392	73	3933	906	4	0	67457
TRAILER	YEAR	1986	42461	12020	268	71	3534	871	18	0	59243
TRAILER	YEAR	1985	41413	11376	234	86	3259	795	2	0	57165
TRAILER	YEAR	1984	37675	10870	245	94	2909	783	0	0	52576
TRAILER	YEAR	1983	31496	7233	129	77	1375	459	0	0	40769
TRAILER	YEAR	1982	28299	7251	114	72	1085	412	0	0	37233
TRAILER	YEAR	1981	36915	8968	166	77	1923	498	2	0	48549
TRAILER	YEAR	1980	47808	10700	194	80	2455	689	1	0	61927
TRAILER	YEAR	1979	45603	12375	278	125	2838	948	2	0	62169
TRAILER	YEAR	1978	39956	11351	195	88	2434	765	0	0	54789
TRAILER	YEAR	1977	38240	10318	176	101	2056	777	1	0	51669
TRAILER	YEAR	1976	39963	10231	154	95	1961	695	0	0	53099
TRAILER	YEAR	1975	41464	10327	170	86	1897	799	2	0	54745
TRAILER	YEAR	1974	43958	12001	179	117	2396	1058	1	0	59710
TRAILER	YEAR	1973	43960	12038	191	165	2122	899	1	0	59376
TRAILER	YEAR	1972	41088	10490	176	149	1669	923	0	0	54495
TRAILER	YEAR	1971	34919	8321	120	113	1159	642	0	0	45274
TRAILER	YEAR	1970	35234	7717	84	126	915	592	1	0	44669
TRAILER	YEAR	1969	30866	7428	84	113	869	573	1	0	39934
TRAILER	YEAR	1968	24262	5560	76	66	634	440	0	0	31038
TRAILER	YEAR	1967	20166	4505	68	66	458	293	0	0	25556
TRAILER	YEAR	1966	16222	3623	46	46	384	278	0	0	20599
TRAILER	YEAR	1965	14005	3064	42	55	322	222	1	0	17711
TRAILER	YEAR	1964	9646	2186	28	35	206	149	0	0	12250
TRAILER	YEAR	1963	7436	1573	33	21	166	113	0	0	9342
TRAILER	YEAR	1962	6678	1355	20	29	106	100	0	0	8288
TRAILER	YEAR	1961	5717	1220	16	22	108	94	0	0	7177
TRAILER	YEAR	1960	6701	1349	17	21	96	72	0	0	8256
TRAILER	YEAR	1959	5067	1068	20	21	89	76	0	0	6341
TRAILER	YEAR	1958	3836	806	12	20	59	70	0	0	4803
TRAILER	YEAR	1957	2610	615	14	14	26	43	0	0	3322
TRAILER	YEAR	1956	2327	542	10	15	25	41	0	0	2960
TRAILER	YEAR	1955	1691	412	9	10	18	24	0	0	2164
TRAILER	YEAR	1954	910	214	3	3	15	12	0	0	1157
TRAILER	YEAR	1953	811	240	3	3	10	15	0	0	1082
TRAILER	YEAR	1952	555	137	5	7	7	8	0	0	719
TRAILER	YEAR	1951	373	95	2	5	3	2	0	0	480
TRAILER	YEAR	1950	696	137	2	7	6	13	0	0	861
TRAILER	YEAR	1949	311	81	3	3	3	6	0	0	407
TRAILER	YEAR	1948	436	94	1	2	15	6	0	0	554
TRAILER	YEAR	1947	291	66	0	3	2	7	0	0	369
TRAILER	YEAR	1946	196	37	2	0	0	2	0	0	237
TRAILER	YEAR	1945	114	22	0	0	2	1	0	0	139
TRAILER	YEAR	1944	45	8	0	0	1	0	0	0	54
TRAILER	YEAR	1943	31	8	1	0	1	0	0	0	41
TRAILER	YEAR	1942	44	14	0	0	0	0	0	0	58
TRAILER	YEAR	1941	35	12	2	0	0	0	0	0	49
TRAILER	YEAR	1940	85	18	0	0	1	1	0	0	105
TRAILER	YEAR	1939	23	4	0	0	1	0	0	0	28
TRAILER	YEAR	1938	12	11	0	0	0	1	0	0	24
TRAILER	YEAR	1937	32	9	0	0	0	0	0	0	41
TRAILER	YEAR	1936	25	2	0	0	1	0	0	0	28
TRAILER	YEAR	1935	23	1	0	0	0	0	0	0	24
TRAILER	YEAR	1934	8	2	0	0	0	0	0	0	10
TRAILER	YEAR	1933	5	1	0	0	0	1	0	0	7
TRAILER	YEAR	1932	10	1	0	0	1	0	0	0	12
TRAILER	YEAR	1931	3	1	0	0	0	0	0	0	4
TRAILER	YEAR	1930	16	3	0	0	0	0	0	0	19
TRAILER	YEAR	1929	5	3	0	0	0	0	0	0	8
TRAILER	YEAR	1928	4	0	0	0	0	0	0	0	4
TRAILER	YEAR	1927	2	1	0	0	0	0	0	0	3
TRAILER	YEAR	1926	2	1	0	0	0	0	0	0	3
TRAILER	YEAR	1925	6	0	0	0	0	0	0	0	6
TRAILER	YEAR	1924	77	2	0	0	0	0	0	0	79
TRAILER	YEAR	1923	0	1	0	0	0	0	0	0	1
TRAILER	YEAR	1921	2	0	0	0	0	0	0	0	2
TRAILER	YEAR	1920	1	0	0	0	0	0	0	0	1
TRAILER	YEAR	1919	6	2	0	0	0	0	0	0	8
TRAILER	YEAR	1918	1	1	0	0	0	0	0	0	2
TRAILER	YEAR	1916	1	0	0	0	0	0	0	0	1
TRAILER	YEAR	1912	2	0	0	0	0	0	0	0	2
TRAILER	YEAR	1911	4	2	0	0	0	0	0	0	6
TRAILER	YEAR	1910	2	0	0	0	0	0	0	0	2
TRAILER	YEAR	1909	1	0	0	0	0	0	0	0	1
TRAILER	YEAR	1908	2	1	1	0	0	0	0	0	4
TRAILER	YEAR	1907	5	4	1	0	0	0	0	0	10
TRAILER	YEAR	1906	3	1	0	0	0	0	0	0	4
TRAILER	YEAR	1905	6	1	0	0	0	0	0	0	7
TRAILER	YEAR	1904	6	0	0	0	0	1	0	0	7
TRAILER	YEAR	1903	7	3	0	0	0	0	0	0	10
TRAILER	YEAR	1902	2	2	0	0	0	0	0	0	4
TRAILER	YEAR	1901	5	3	0	0	0	0	0	0	8
TRAILER	YEAR	1900	7556	620	4	5	29	44	0	0	8258
SNOW VEHICLE	MOTIVE POWER		288619	453505	9	3583	14334	25552	6	0	785608
SNOW VEHICLE	MOTIVE POWER	G	30	131	0	2	10	22	0	0	195
SNOW VEHICLE	YEAR	2023	6056	113	0	0	3	1	0	0	6173
SNOW VEHICLE	YEAR	2022	11760	1676	0	0	49	5	0	0	13490
SNOW VEHICLE	YEAR	2021	6429	2304	1	0	80	7	0	0	8821
SNOW VEHICLE	YEAR	2020	6174	2860	0	0	93	21	0	0	9148
SNOW VEHICLE	YEAR	2019	6294	2946	1	0	151	9	0	0	9401
SNOW VEHICLE	YEAR	2018	7309	3744	0	0	198	8	0	0	11259
SNOW VEHICLE	YEAR	2017	7123	3613	0	1	211	18	0	0	10966
SNOW VEHICLE	YEAR	2016	8582	4195	1	0	254	9	0	0	13041
SNOW VEHICLE	YEAR	2015	6895	3811	1	0	208	21	0	0	10936
SNOW VEHICLE	YEAR	2014	5047	3058	2	0	191	18	0	0	8316
SNOW VEHICLE	YEAR	2013	4441	3027	0	0	197	25	0	0	7690
SNOW VEHICLE	YEAR	2012	4550	3345	0	0	203	23	0	0	8121
SNOW VEHICLE	YEAR	2011	4409	3593	0	1	216	42	0	0	8261
SNOW VEHICLE	YEAR	2010	4629	4047	0	0	234	49	0	0	8959
SNOW VEHICLE	YEAR	2009	5085	4903	0	0	252	51	0	0	10291
SNOW VEHICLE	YEAR	2008	4030	4399	0	0	222	72	0	0	8723
SNOW VEHICLE	YEAR	2007	4957	6176	0	0	272	88	1	0	11494
SNOW VEHICLE	YEAR	2006	5178	7258	0	0	343	103	0	0	12882
SNOW VEHICLE	YEAR	2005	4812	7205	0	2	318	131	0	0	12468
SNOW VEHICLE	YEAR	2004	4541	7842	0	0	343	123	0	0	12849
SNOW VEHICLE	YEAR	2003	4103	9197	0	0	398	172	0	0	13870
SNOW VEHICLE	YEAR	2002	4474	10488	0	1	392	173	0	0	15528
SNOW VEHICLE	YEAR	2001	2865	8336	0	0	305	163	0	0	11669
SNOW VEHICLE	YEAR	2000	3746	11395	1	2	449	210	0	0	15803
SNOW VEHICLE	YEAR	1999	3657	12968	0	5	479	278	0	0	17387
SNOW VEHICLE	YEAR	1998	4387	16701	0	8	538	390	0	0	22024
SNOW VEHICLE	YEAR	1997	3613	16631	0	14	458	410	2	0	21128
SNOW VEHICLE	YEAR	1996	2954	15738	0	17	480	443	0	0	19632
SNOW VEHICLE	YEAR	1995	2598	15481	0	14	434	403	0	0	18930
SNOW VEHICLE	YEAR	1994	2219	15841	0	18	492	467	0	0	19037
SNOW VEHICLE	YEAR	1993	1867	12876	0	14	447	463	0	0	15667
SNOW VEHICLE	YEAR	1992	1559	10090	0	14	358	352	0	0	12373
SNOW VEHICLE	YEAR	1991	2192	14043	0	23	431	599	0	0	17288
SNOW VEHICLE	YEAR	1990	2504	15299	0	44	375	677	1	0	18900
SNOW VEHICLE	YEAR	1989	2580	15013	0	36	399	656	0	0	18684
SNOW VEHICLE	YEAR	1988	2400	12859	0	43	341	571	0	0	16214
SNOW VEHICLE	YEAR	1987	2095	10050	0	36	255	509	0	0	12945
SNOW VEHICLE	YEAR	1986	1868	7925	0	41	216	410	0	0	10460
SNOW VEHICLE	YEAR	1985	1681	6499	0	34	181	382	0	0	8777
SNOW VEHICLE	YEAR	1984	1336	4403	0	40	106	282	1	0	6168
SNOW VEHICLE	YEAR	1983	1671	4861	0	36	90	316	0	0	6974
SNOW VEHICLE	YEAR	1982	2928	7393	0	62	165	516	0	0	11064
SNOW VEHICLE	YEAR	1981	3994	9945	1	88	213	731	0	0	14972
SNOW VEHICLE	YEAR	1980	8884	18050	0	185	446	1436	0	0	29001
SNOW VEHICLE	YEAR	1979	9499	14801	0	188	302	1401	0	0	26191
SNOW VEHICLE	YEAR	1978	7268	9930	0	147	246	995	1	0	18587
SNOW VEHICLE	YEAR	1977	7658	8448	0	206	223	1030	0	0	17565
SNOW VEHICLE	YEAR	1976	7702	7517	0	199	172	1094	0	0	16684
SNOW VEHICLE	YEAR	1975	7556	6392	0	162	135	1044	0	0	15289
SNOW VEHICLE	YEAR	1974	10096	8341	0	260	146	1433	0	0	20276
SNOW VEHICLE	YEAR	1973	14016	10064	0	411	166	1872	0	0	26529
SNOW VEHICLE	YEAR	1972	12565	9097	0	378	130	1755	0	0	23925
SNOW VEHICLE	YEAR	1971	10681	7781	1	388	136	1532	0	0	20519
SNOW VEHICLE	YEAR	1970	6055	4363	0	272	73	888	0	0	11651
SNOW VEHICLE	YEAR	1969	2987	2394	0	112	49	391	0	0	5933
SNOW VEHICLE	YEAR	1968	1024	922	0	41	16	154	0	0	2157
SNOW VEHICLE	YEAR	1967	483	494	0	18	10	70	0	0	1075
SNOW VEHICLE	YEAR	1966	253	270	0	13	6	33	0	0	575
SNOW VEHICLE	YEAR	1965	141	240	0	3	20	24	0	0	428
SNOW VEHICLE	YEAR	1964	77	136	0	5	8	11	0	0	237
SNOW VEHICLE	YEAR	1963	28	80	0	1	2	2	0	0	113
SNOW VEHICLE	YEAR	1962	21	36	0	0	1	4	0	0	62
SNOW VEHICLE	YEAR	1961	13	33	0	0	6	6	0	0	58
SNOW VEHICLE	YEAR	1960	15	28	0	0	1	1	0	0	45
SNOW VEHICLE	YEAR	1959	4	4	0	0	1	0	0	0	9
SNOW VEHICLE	YEAR	1958	7	6	0	0	1	0	0	0	14
SNOW VEHICLE	YEAR	1957	2	7	0	0	1	0	0	0	10
SNOW VEHICLE	YEAR	1956	0	3	0	0	3	0	0	0	6
SNOW VEHICLE	YEAR	1955	2	4	0	1	1	0	0	0	8
SNOW VEHICLE	YEAR	1954	2	2	0	0	1	0	0	0	5
SNOW VEHICLE	YEAR	1953	0	6	0	0	0	0	0	0	6
SNOW VEHICLE	YEAR	1952	0	8	0	0	1	0	0	0	9
SNOW VEHICLE	YEAR	1950	2	4	0	0	0	0	0	0	6
SNOW VEHICLE	YEAR	1949	0	1	0	0	0	0	0	0	1
SNOW VEHICLE	YEAR	1948	2	3	0	0	1	0	0	0	6
SNOW VEHICLE	YEAR	1947	2	3	0	0	0	0	0	0	5
SNOW VEHICLE	YEAR	1945	0	1	0	0	0	0	0	0	1
SNOW VEHICLE	YEAR	1944	2	3	0	0	0	0	0	0	5
SNOW VEHICLE	YEAR	1940	2	3	0	0	0	0	0	0	5
SNOW VEHICLE	YEAR	1939	1	0	0	0	0	0	0	0	1
SNOW VEHICLE	YEAR	1937	1	0	0	0	0	0	0	0	1
SNOW VEHICLE	YEAR	1935	0	1	0	0	0	0	0	0	1
SNOW VEHICLE	YEAR	1933	0	0	0	1	0	0	0	0	1
SNOW VEHICLE	YEAR	1930	1	1	0	0	0	0	0	0	2
SNOW VEHICLE	YEAR	1917	0	1	0	0	0	0	0	0	1
SNOW VEHICLE	YEAR	1913	0	1	0	0	0	0	0	0	1
SNOW VEHICLE	YEAR	1911	1	0	0	0	0	0	0	0	1
SNOW VEHICLE	YEAR	1907	1	1	0	0	0	0	0	0	2
SNOW VEHICLE	YEAR	1904	0	3	0	0	0	0	0	0	3
SNOW VEHICLE	YEAR	1903	0	3	0	0	0	0	0	0	3
SNOW VEHICLE	YEAR	1902	1	1	0	0	0	0	0	0	2
SNOW VEHICLE	YEAR	1901	2	2	0	0	0	1	0	0	5
OFF ROAD	MOTIVE POWER	D	284	51	1	0	3	5	0	0	344
OFF ROAD	MOTIVE POWER	G	620079	112581	4931	187	17585	5023	4	2	760392
OFF ROAD	MOTIVE POWER	OTHER	63	67	3	0	10	4	0	0	147
OFF ROAD	BODY TYPE	AP	2599	501	5	0	49	11	0	0	3165
OFF ROAD	BODY TYPE	DB	1173	345	19	6	12	36	0	0	1591
OFF ROAD	BODY TYPE	MB	2435	2095	50	2	43	88	0	0	4713
OFF ROAD	BODY TYPE	MD	3525	1343	71	7	99	90	0	0	5135
OFF ROAD	BODY TYPE	MF	375127	80320	3111	127	11685	3423	1	1	473795
OFF ROAD	BODY TYPE	MW	8206	2985	71	26	231	247	0	0	11766
OFF ROAD	BODY TYPE	RA	227361	25110	1608	19	5479	1137	3	1	260718
OFF ROAD	YEAR	2023	3208	425	0	0	6	0	0	0	3639
OFF ROAD	YEAR	2022	28217	2797	3	0	78	4	0	0	31099
OFF ROAD	YEAR	2021	33154	3027	14	0	275	14	0	0	36484
OFF ROAD	YEAR	2020	20404	1985	11	0	288	14	0	0	22702
OFF ROAD	YEAR	2019	21552	2281	12	0	359	13	0	0	24217
OFF ROAD	YEAR	2018	23544	2418	21	0	399	26	0	0	26408
OFF ROAD	YEAR	2017	21381	2235	20	0	465	36	0	0	24137
OFF ROAD	YEAR	2016	20006	2097	23	0	441	42	0	0	22609
OFF ROAD	YEAR	2015	15562	1661	31	0	403	34	0	0	17691
OFF ROAD	YEAR	2014	18749	1949	30	0	428	38	0	0	21194
OFF ROAD	YEAR	2013	17211	2239	59	0	413	56	0	0	19978
OFF ROAD	YEAR	2012	16141	2068	43	0	425	51	0	0	18728
OFF ROAD	YEAR	2011	15446	1819	77	0	432	57	0	0	17831
OFF ROAD	YEAR	2010	10454	1584	78	0	320	48	1	0	12485
OFF ROAD	YEAR	2009	19469	2745	133	0	637	73	0	0	23057
OFF ROAD	YEAR	2008	24045	4081	190	0	838	146	0	0	29300
OFF ROAD	YEAR	2007	28014	4729	230	2	916	217	0	0	34108
OFF ROAD	YEAR	2006	24445	5329	174	1	807	205	2	0	30963
OFF ROAD	YEAR	2005	23955	5124	179	2	784	205	0	0	30249
OFF ROAD	YEAR	2004	25693	5621	259	0	885	187	0	0	32645
OFF ROAD	YEAR	2003	20793	4955	310	3	838	166	0	0	27065
OFF ROAD	YEAR	2002	16407	3674	320	1	602	155	0	0	21159
OFF ROAD	YEAR	2001	18850	3932	400	3	711	178	0	0	24074
OFF ROAD	YEAR	2000	15505	3262	364	3	536	154	0	0	19824
OFF ROAD	YEAR	1999	10773	2197	280	1	400	116	0	0	13767
OFF ROAD	YEAR	1998	7250	1428	157	2	275	67	0	0	9179
OFF ROAD	YEAR	1997	5288	1119	110	0	210	60	0	0	6787
OFF ROAD	YEAR	1996	6123	1404	116	1	236	82	0	0	7962
OFF ROAD	YEAR	1995	5678	1301	73	1	231	75	0	0	7359
OFF ROAD	YEAR	1994	4733	1202	83	2	171	70	0	0	6261
OFF ROAD	YEAR	1993	5542	1291	89	2	222	90	0	1	7237
OFF ROAD	YEAR	1992	5170	1205	57	0	223	69	0	0	6724
OFF ROAD	YEAR	1991	5175	1409	76	1	222	71	0	1	6955
OFF ROAD	YEAR	1990	5907	1630	81	2	245	115	0	0	7980
OFF ROAD	YEAR	1989	4880	1304	56	3	202	76	0	0	6521
OFF ROAD	YEAR	1988	4250	1275	40	2	180	92	0	0	5839
OFF ROAD	YEAR	1987	7823	2258	69	8	421	167	0	0	10746
OFF ROAD	YEAR	1986	12161	3569	100	4	637	277	1	0	16749
OFF ROAD	YEAR	1985	10738	3778	93	21	499	312	0	0	15441
OFF ROAD	YEAR	1984	12031	4227	89	30	398	363	0	0	17138
OFF ROAD	YEAR	1983	9338	3500	85	25	271	300	0	0	13519
OFF ROAD	YEAR	1982	4615	1958	60	10	114	156	0	0	6913
OFF ROAD	YEAR	1981	2256	908	31	8	32	89	0	0	3324
OFF ROAD	YEAR	1980	1385	562	15	9	24	34	0	0	2029
OFF ROAD	YEAR	1979	1278	532	22	7	13	47	0	0	1899
OFF ROAD	YEAR	1978	1178	515	32	7	19	43	0	0	1794
OFF ROAD	YEAR	1977	876	370	21	4	12	31	0	0	1314
OFF ROAD	YEAR	1976	517	248	22	2	11	16	0	0	816
OFF ROAD	YEAR	1975	586	278	23	5	12	17	0	0	921
OFF ROAD	YEAR	1974	648	312	17	5	6	16	0	0	1004
OFF ROAD	YEAR	1973	492	223	17	4	6	15	0	0	757
OFF ROAD	YEAR	1972	458	219	13	3	7	13	0	0	713
OFF ROAD	YEAR	1971	286	133	10	1	4	11	0	0	445
OFF ROAD	YEAR	1970	220	93	4	0	5	4	0	0	326
OFF ROAD	YEAR	1969	113	58	2	0	1	2	0	0	176
OFF ROAD	YEAR	1968	83	24	1	0	1	2	0	0	111
OFF ROAD	YEAR	1967	57	17	1	0	0	2	0	0	77
OFF ROAD	YEAR	1966	53	14	1	0	0	2	0	0	70
OFF ROAD	YEAR	1965	55	29	3	0	0	1	0	0	88
OFF ROAD	YEAR	1964	30	9	0	0	0	2	0	0	41
OFF ROAD	YEAR	1963	21	5	0	0	1	0	0	0	27
OFF ROAD	YEAR	1962	22	10	0	0	0	1	0	0	33
OFF ROAD	YEAR	1961	10	6	0	0	0	0	0	0	16
OFF ROAD	YEAR	1960	19	7	1	1	0	0	0	0	28
OFF ROAD	YEAR	1959	18	5	0	0	0	2	0	0	25
OFF ROAD	YEAR	1958	6	4	0	0	0	1	0	0	11
OFF ROAD	YEAR	1957	11	5	1	0	0	0	0	0	17
OFF ROAD	YEAR	1956	3	2	0	0	0	1	0	0	6
OFF ROAD	YEAR	1955	8	1	1	1	0	0	0	0	11
OFF ROAD	YEAR	1954	7	1	0	0	0	0	0	0	8
OFF ROAD	YEAR	1953	6	2	0	0	0	1	0	0	9
OFF ROAD	YEAR	1952	10	5	0	0	1	1	0	0	17
OFF ROAD	YEAR	1951	2	0	1	0	0	0	0	0	3
OFF ROAD	YEAR	1950	2	0	1	0	0	0	0	0	3
OFF ROAD	YEAR	1949	3	3	0	0	0	0	0	0	6
OFF ROAD	YEAR	1948	4	1	0	0	0	0	0	0	5
OFF ROAD	YEAR	1947	7	1	0	0	0	1	0	0	9
OFF ROAD	YEAR	1946	2	2	0	0	0	0	0	0	4
OFF ROAD	YEAR	1945	1	0	0	0	0	0	0	0	1
OFF ROAD	YEAR	1944	0	1	0	0	0	0	0	0	1
OFF ROAD	YEAR	1943	1	0	0	0	0	0	0	0	1
OFF ROAD	YEAR	1942	6	1	0	0	0	0	0	0	7
OFF ROAD	YEAR	1940	1	0	0	0	0	0	0	0	1
OFF ROAD	YEAR	1925	0	1	0	0	0	0	0	0	1
OFF ROAD	YEAR	1923	1	0	0	0	0	0	0	0	1
OFF ROAD	YEAR	1919	1	0	0	0	0	0	0	0	1
OFF ROAD	YEAR	1912	1	0	0	0	0	0	0	0	1
OFF ROAD	YEAR	1906	1	0	0	0	0	0	0	0	1
OFF ROAD	YEAR	1901	1	0	0	0	0	0	0	0	1
